
Take some standard fractions
x={u'total': 50000000000L, u'lock': 0, u'flags': u'', u'values':
[260547642, 257942166, 255362744, 252809117, 250281025, 247778214,
245300432, 242847402, 240418927, 238014738, 235634590, 233278245,
230945462, 228636009, 226349649, 224086152, 221845288, 219626838,
217430567, 215256263, 213103699, 210972662, 208862935, 206774305,
204706563, 202659499, 200632905, 198626575, 196640301, 194673900,
192727159, 190799888, 188891889, 187002971, 185132941, 183281613,
181448796, 179634308, 177837965, 176059584, 174298989, 172555999,
170830440, 169122135, 167430914, 167473927, 165799188, 164141196,
162499783, 160874785, 159266037, 220589996, 218384095, 216200255,
214038252, 211897869, 209778892, 207681102, 205604290, 203548247,
201512887, 199497757, 197502781, 370678099, 366971319, 363301605,
359668589, 356071903, 352511185, 348986072, 345496210, 342041248,
338620836, 335234628, 331882281, 328563459, 325277826, 322025046,
318804795, 315616747, 312460581, 309335975, 306242616, 303180189,
300148388, 297146903, 294175434, 291233680, 288321344, 285438131,
282583750, 279757910, 276960332, 274190729, 271448822, 268734334,
266046990, 263386520, 260752655, 258145128, 255563677, 253008040,
250477961, 247973181, 245493448, 243038514, 240608130, 238202047,
235820027, 233461826, 231127209, 228815936, 226527776, 224262501,
222019874, 219799676, 217601679, 215425663, 213271406, 211138691,
209027305, 206937032, 204867661, 202818985, 200790795, 198782888,
196795058, 194827108, 192878838, 190950047, 189040547, 187150144,
185278641, 183425856, 181591596, 179775681, 177977923, 176198144,
174436163, 172691803, 170964884, 169255235, 167562683, 165887055,
164228185, 162585905, 160960045, 159350443, 157756939, 156179371,
154617577, 153071402, 151540687, 150025279, 148525027, 147039776,
145569380, 144113686, 142672550, 141245823, 139833365, 138435031,
137050682, 135680175, 134323373, 132980138, 131650337, 130333834,
129030497, 127740191, 126462788, 125198162, 123946179, 122706718,
121479651, 120264854, 119062205, 117871583, 116692867, 115525939,
114370680, 113226973, 112094704, 110973756, 109864019, 108765378,
107677724, 106600947, 105534937, 104479588, 103434793, 102400444,
101376440, 100362675, 99359050, 98365459, 97381805, 96407986, 95443906,
94489468, 93544574, 92609127, 91683036, 90766204, 89858542, 88959957,
88070358, 87189655, 86317757, 85454580, 84600034, 83754034, 82916495,
82087330, 81266456, 80453790, 79649253, 78852761, 78064234, 77283590,
76510755, 75745648, 74988191, 74238310, 73495926, 72760966, 72033356,
71313023, 70599892, 69893895, 69194955, 68503007, 67817975, 67139796,
66468398, 65803714, 65145676, 64494220, 63849276, 63210785, 62578677,
61952890, 61333361, 60720029, 60112828, 59511699, 58916583, 58327416,
57744142, 57166701, 56595033, 56029083, 55468792, 54914105, 54364964,
53821313, 53283101, 52750269, 52222767, 51700540, 51183534, 50671699,
50164981, 49663334, 49166698, 48675033, 48188281, 47706398, 47229334,
46757041, 46289470, 45826576, 45368311, 44914627, 44465481, 44020825,
43580619, 43144812, 42713363, 42286231, 41863367, 41444733, 41030287,
40619984, 40213785, 39811645, 39413529, 39019394, 38629201, 38242908,
37860480, 37481875, 37107057, 36735986, 36368625, 36004940, 35644891,
35288441, 34935557, 34586203, 34240339, 33897936, 33558957, 33223366,
32891134, 32562222, 32236600, 31914233, 31595091, 31279141, 30966349,
30656686, 30350119, 30046617, 29746152, 29448689, 29154202, 28862661,
28574034, 28288293, 28005412, 27725357, 27448103, 27173623, 26901887,
26632869, 26366539, 26102875, 25841846, 25583428, 25327594, 25074317,
24823574, 24575337, 24329585, 24086289, 23845426, 23606972, 23370903,
23137194, 22905822, 22676763, 22449996, 22225496, 22003240, 21783208,
21565376, 21349721, 21136225, 20924863, 20715614, 20508458, 20303373,
20100340, 19899336, 19700349, 19503347, 19308312, 19115229, 18924077,
18734835, 18547487, 18362013, 18178393, 17996609, 17816644, 17638477,
17462092, 17287472, 17114597, 16943450, 16774017, 16606275, 16440215,
16275812, 16113054, 15951923, 15792404, 15634479, 15478135, 15323353,
15170121, 15018419, 14868235, 14719551, 14572357, 14426632, 14282367,
14139542, 13998147, 13858165, 13719583, 13582387, 13446565, 13312098,
13178977, 13047187, 12916716, 12787548, 12659673, 12533078, 12407745,
12283668, 12160832, 12039224, 11918832, 11799643, 11681646, 11564830,
11449181, 11334691, 11221343, 11109130, 10998039, 10888059, 10779177,
10671385, 10564672, 10459026, 10354435, 10250891, 10148383, 10046898,
9946429, 9846966, 9748495, 9651010, 9554500, 9458954, 9364366, 9270721,
9178016, 9086235, 8995373, 8905418, 8816365, 8728201, 8640919, 8554509,
8468965, 8384275, 8300432, 8217427, 8135254, 8053900, 7973362, 7893629,
7814692, 7736546, 7659180, 7582589, 7506763, 7431695, 7357377, 7283805,
7210965, 7138857, 7067467, 6996793, 6926826, 6857558, 6788980, 6721092,
6653880, 6587341, 6521469, 6456253, 6391691, 6327775, 6264498, 6201851,
6139833, 6078436, 6017650, 5957473, 5897899, 5838919, 5780531, 5722726,
5665498, 5608843, 5552756, 5497226, 5442256, 5387832, 5333955, 5280615,
5227810, 5175532, 5123775, 5072539, 5021813, 4971595, 4921880, 4872661,
4823934, 4775694, 4727938, 4680659, 4633853, 4587513, 4541639, 4496221,
4451258, 4406747, 4362680, 4319052, 4275861, 4233104, 4190771, 4148864,
4107376, 4066303, 4025639, 3985383, 3945529, 3906074, 3867012, 3828344,
3790058, 3752157, 3714637, 3677490, 3640716, 3604309, 3568267, 3532584,
3497258, 3462285, 3427662, 3393385, 3359452, 3325857, 3292598, 3259672,
3227076, 3194805, 3162857, 3131228, 3099917, 3068917, 3038227, 3007845,
2977766, 2947990, 2918508, 2889324, 2860432, 2831827, 2803508, 2775474,
2747718, 2720242, 2693038, 2666107, 2639448, 2613054, 2586922, 2561053,
2535443, 2510088, 2484986, 2460137, 2435536, 2411180, 2387069, 2363198,
2339567, 2316169, 2293009, 2270079, 2247377, 2224904, 2202656, 2180629,
2158823, 2137235, 2115861, 2094703, 2073755, 2053018, 2032488, 2012163,
1992042, 1972123, 1952400, 1932877, 1913548, 1894412, 1875467, 1856714,
1838146, 1819765, 1801567, 1783552, 1765717, 1748059, 1730577, 1713271,
1696139, 1679178, 1662388, 1645762, 1629305, 1613011, 1596882, 1580914,
1565103, 1549452, 1533958, 1518618, 1503432, 1488399, 1473514, 1458779,
1444191, 1429750, 1415453, 1401297, 1387285, 1373413, 1359678, 1346082,
1332622, 1319295, 1306102, 1293041, 1280109, 1267309, 1254637, 1242090,
1229669, 1217373, 1205197, 1193147, 1181215, 1169403, 1157709, 1146132,
1134670, 1123324, 1112091, 1100970, 1089961, 1079061, 1068269, 1057587,
1047012, 1036542, 1026175, 1015913, 1005755, 995699, 985741, 975884,
966125, 956464, 946899, 937430, 928056, 918775, 909589, 900492, 891487,
882573, 873747, 865009, 856360, 847797, 839317, 830925, 822616, 814389,
806245, 798183, 790203, 782299, 774476, 766733, 759065, 751474, 743959,
736520, 729154, 721863, 714645, 707498, 700424, 693417, 686484, 679620,
672824, 666096, 659435, 652839, 646312, 639848, 633451, 627116, 620844,
614635, 608491, 602406, 596385, 590420, 584516, 578671, 572884, 567155,
561482, 555866, 550309, 544805, 539357, 533965, 528625, 523340, 518109,
512926, 507797, 502718, 497691, 492715, 487787, 482909, 478082, 473300,
468566, 463881, 459241, 454651, 450105, 445603, 441147, 436736, 432370,
428047, 423765, 419530, 415336, 411180, 407068, 402999, 398968, 394980,
391030, 387118, 383248, 379416, 375622, 380478, 376674, 372907, 369179,
365486, 361831, 358213, 354631, 351084, 347573, 344099, 0, 0, 0, 0, 0,
0, 0, 0, 0, 0, 0, 0, 0, 0, 0, 0, 0, 0, 0, 0, 0, 0, 0, 0, 0, 0, 0, 0, 0,
0, 0, 0, 0, 0, 0, 0, 0, 0, 0, 0, 0, 0, 0, 0, 0, 0, 0, 0, 0, 0, 0, 0, 0,
0, 0, 0, 0, 0, 0, 0, 0, 0, 0, 0, 0, 0, 0, 0, 0, 0, 0, 0, 0, 0, 0, 0, 0,
0, 0, 0, 0, 0, 0, 0, 0, 0, 0, 0, 0, 0, 0, 0, 0, 0, 0, 0, 0, 0, 0, 0, 0,
0, 0, 0, 0, 0, 0, 0, 0, 0, 0, 0, 0, 0, 0, 0, 0, 0, 0, 0, 0, 0, 0, 0, 0,
0, 0, 0, 0, 0, 0, 0, 0, 0, 0, 0, 0, 0, 0, 0, 0, 0, 0, 0, 0, 0, 0, 0, 0,
0, 0, 0, 0, 0, 0, 0, 0, 0, 0, 0, 0, 0, 0, 0, 0, 0, 0, 0, 0, 0, 0, 0, 0,
0, 0, 0, 0, 0, 0, 0, 0, 0, 0, 0, 0, 0, 0, 0, 0, 0, 0, 0, 0, 0, 0, 0, 0,
0, 0, 0, 0, 0, 0, 0, 0, 0, 0, 0, 0, 0, 0, 0, 0, 0, 0, 0, 0, 0, 0, 0, 0,
0, 0, 0, 0, 0, 0, 0, 0, 0, 0, 0, 0, 0, 0, 0, 0, 0, 0, 0, 0, 0, 0, 0, 0,
0, 0, 0, 0, 0, 0, 0, 0, 0, 0, 0, 0, 0, 0, 0, 0, 0, 0, 0, 0, 0, 0, 0, 0,
0, 0, 0, 0, 0, 0, 0, 0, 0, 0, 0, 0, 0, 0, 0, 0, 0, 0, 0, 0, 0, 0, 0, 0,
0, 0, 0, 0, 0, 0, 0, 0, 0, 0, 0, 0, 0, 0, 0, 0, 0, 0, 0, 0, 0, 0, 0, 0,
0, 0, 0, 0, 0, 0, 0, 0, 0, 0, 0, 0, 0, 0, 0, 0, 0, 0, 0, 0, 0, 0, 0, 0,
0, 0, 0, 0, 0, 0, 0, 0, 0, 0, 0, 0, 0, 0, 0, 0, 0, 0, 0, 0, 0, 0, 0, 0,
0, 0, 0, 0, 0, 0, 0, 0, 0, 0, 0, 0, 0, 0, 0, 0, 0, 0, 0, 0, 0, 0, 0, 0,
0, 0, 0, 0, 0, 0, 0, 0, 0, 0, 0, 0, 0, 0, 0, 0, 0, 0, 0, 0, 0, 0, 0, 0,
0, 0, 0, 0, 0, 0, 0, 0, 0, 0, 0, 0, 0, 0, 0, 0, 0, 0, 0, 0, 0, 0, 0, 0,
0, 0], u'peg': 761, u'liquidity': 0, u'reserve': 50000000000L}

Lets move supply index to 561 and compress
[8624861928L, 10162281664L, 10343327673L, 6919394147L, 4628879301L,
3096589531L, 2071530941, 1385795709, 927058275, 620176006, 414880250,
277543187, 185668594, 124207055, 0, 55585564, 37185238, 24875967,
16723865, 344099, 0, 0, 0, 0, 0, 0, 0, 0, 0, 0, 12301927, 11699012,
11125645, 10580377, 10061834, 9568704, 9099744, 8653763]

Now lets assume some values got shifted around when forgotten and
remembered on polygon. For ease lets just alter the current section and
keep supply as is.
[8624861928L, 10162281664L, 10343327673L, 6919394147L, 4628879301L,
3096589531L, 2071530941, 1385795709, 927058275, 620176006, 414880250,
277543187, 185668594, 124207055, 0, 55585564, 37185238, 24875967,
16723865, 344099, 0, 0, 0, 0, 0, 0, 0, 0, 0, 0, 8653763, 100000,
22824657, 5580377, 1061800, 9500004, 10099744, 12301927]

Now lets assume the withdrawal against the pool was less so theres some
funds remaining upon the new mint. We will deduct from some of the
sections and add
to a couple others
[5624861928L, 5162281664L, 5343327673L, 5919394147L, 2628879301L,
2096589531L, 1071530941, 1385795709, 527058275, 220176006, 214880250,
177543187, 185668594, 124207055, 0, 55585564, 37185238, 24875967,
16723865, 344099, 0, 0, 0, 0, 0, 0, 0, 0, 0, 0, 8653763, 100000,
22824657, 5580377, 1061800, 9500004, 10099744, 12301927]

Okay lets decompress
text=DecompressFractions(compressed,'Polygon',14,30,8)
result=[169920925, 168221716, 166539499, 164874104, 163225362,
161593108, 159977177, 158377389, 156793614, 155225678, 153673421,
152136687, 150615320, 149109168, 147618076, 146141895, 144680475,
143233672, 141801333, 140383321, 138979487, 137589691, 136213794,
134851656, 133503140, 132168110, 130846429, 129537964, 128242579,
126960155, 125690552, 124433647, 123189310, 121957418, 120737843,
119530466, 118335160, 117151809, 115980291, 114820487, 88541187,
87655775, 86779218, 85911425, 85052311, 85074161, 84223420, 83381185,
82547373, 81721899, 80904680, 112056301, 110935738, 109826381,
108728117, 107640835, 106564428, 105498783, 104443795, 103399357,
102365426, 101341770, 100328353, 188298732, 186415745, 184551587,
182706071, 180879010, 179070221, 177279518, 175506722, 173751655,
172014139, 170293997, 168591057, 166905147, 165236096, 163583734,
161947897, 160328418, 161416067, 159801906, 158203888, 156621848,
155055630, 153505074, 151970023, 150450323, 148945820, 147456362,
145981799, 144521979, 143076760, 141645993, 140229533, 138827238,
137438965, 136064575, 134703929, 133356889, 132023320, 130703087,
129396057, 128102096, 126821074, 125552864, 124297336, 123054362,
121823818, 120605580, 119399525, 118205529, 117023473, 115853240,
114694706, 113547760, 112412282, 111288160, 110175278, 109073525,
178818403, 177030219, 175259916, 173507317, 171772244, 170054522,
168353976, 166670437, 165003734, 163353694, 161720157, 160102958,
158501927, 156916909, 155347739, 153794262, 152256319, 150733756,
149226417, 147734155, 146256812, 144794244, 143346302, 141912838,
140493710, 139088774, 137697886, 136320906, 134957697, 133608121,
132272040, 130949320, 129639826, 128343427, 127059993, 125789392,
124531500, 123286185, 122053324, 120832789, 79415560, 78621404,
77835191, 77056839, 76286270, 75523407, 74768173, 74020491, 73280287,
72547484, 71822008, 71103789, 70392751, 69688824, 68991936, 68302016,
67618995, 66942806, 66273377, 65610644, 64954537, 64304991, 63661942,
63025322, 62395069, 61771118, 61153406, 60541873, 59936454, 59337089,
58743719, 58156281, 57574718, 56998971, 56428982, 55864692, 55306045,
54752984, 54205455, 53663401, 63335671, 62702314, 62075291, 61454537,
60839991, 60231592, 59629276, 59032984, 58442653, 57858227, 57279644,
56706848, 56139781, 55578383, 55022598, 54472372, 53927648, 53388372,
52854489, 52325942, 51802683, 51284657, 50771810, 50264092, 49761451,
49263836, 48771197, 48283486, 47800650, 47322645, 46849418, 46380925,
45917114, 45457943, 45003364, 44553330, 44107796, 43666719, 43230051,
42797751, 32369775, 32046077, 31725616, 31408361, 31094277, 30783334,
30475501, 30170745, 29869038, 29570348, 29274644, 28981897, 28692078,
28405158, 28121106, 27839895, 27561496, 27285880, 27013021, 26742892,
26475462, 26210708, 25948600, 25689116, 25432223, 25177902, 24926122,
24676861, 24430092, 24185791, 23943933, 23704494, 23467450, 23232775,
23000447, 22770442, 22542739, 22317311, 22094137, 21873197, 41863367,
41444733, 41030287, 40619984, 40213785, 39811645, 39413529, 39019394,
38629201, 38242908, 37860480, 37481875, 37107057, 36735986, 36368625,
36004940, 35644891, 35288441, 34935557, 34586203, 34240339, 33897936,
33558957, 33223366, 32891134, 32562222, 32236600, 31914233, 31595091,
31279141, 30966349, 30656686, 30350119, 30046617, 29746152, 29448689,
29154202, 28862661, 28574034, 28288293, 15921852, 15762633, 15605006,
15448957, 15294467, 15141523, 14990107, 14840207, 14691805, 14544887,
14399438, 14255443, 14112889, 13971759, 13832043, 13693722, 13556785,
13421217, 13287005, 13154135, 13022594, 12892368, 12763443, 12635809,
12509450, 12384356, 12260512, 12137906, 12016528, 11896363, 11777399,
11659625, 11543029, 11427599, 11313323, 11200193, 11088192, 10977309,
10867536, 10758861, 6651275, 6584763, 6518916, 6453726, 6389189,
6325298, 6262044, 6199424, 6137430, 6076056, 6015295, 5955142, 5895590,
5836635, 5778269, 5720486, 5663281, 5606648, 5550581, 5495076, 5440125,
5385724, 5331867, 5278547, 5225761, 5173504, 5121768, 5070551, 5019845,
4969647, 4919950, 4870751, 4822043, 4773823, 4726085, 4678824, 4632035,
4585715, 4539858, 4494459, 6491298, 6426383, 6362120, 6298499, 6235514,
6173159, 6111427, 6050313, 5989810, 5929911, 5870613, 5811906, 5753788,
5696250, 5639288, 5582894, 5527065, 5471795, 5417076, 5362905, 5309276,
5256184, 5203621, 5151585, 5100070, 5049069, 4998578, 4948592, 4899106,
4850115, 4801614, 4753599, 4706062, 4659002, 4612411, 4566288, 4520624,
4475418, 4430664, 4386358, 5363385, 5309751, 5256653, 5204088, 5152046,
5100526, 5049521, 4999025, 4949036, 4899545, 4850550, 4802045, 4754024,
4706483, 4659419, 4612824, 4566697, 4521029, 4475819, 4431061, 4386751,
4342882, 4299454, 4256458, 4213893, 4171755, 4130037, 4088737, 4047850,
4007372, 3967297, 3927624, 3888349, 3849464, 3810969, 3772860, 3735131,
3697780, 3660803, 3624194, 5608843, 5552756, 5497226, 5442256, 5387832,
5333955, 5280615, 5227810, 5175532, 5123775, 5072539, 5021813, 4971595,
4921880, 4872661, 4823934, 4775694, 4727938, 4680659, 4633853, 4587513,
4541639, 4496221, 4451258, 4406747, 4362680, 4319052, 4275861, 4233104,
4190771, 4148864, 4107376, 4066303, 4025639, 3985383, 3945529, 3906074,
3867012, 3828344, 3790058, 3752157, 3714637, 3677490, 3640716, 3604309,
3568267, 3532584, 3497258, 3462285, 3427662, 3393385, 3359452, 3325857,
3292598, 3259672, 3227076, 3194805, 3162857, 3131228, 3099917, 3068917,
3038227, 3007845, 2977766, 2947990, 2918508, 2889324, 2860432, 2831827,
2803508, 2775474, 2747718, 2720242, 2693038, 2666107, 2639448, 2613054,
2586922, 2561053, 2535443, 2180794, 2158985, 2137396, 2116022, 2094862,
1340108, 1326706, 1313440, 1300303, 1287302, 2270079, 2247377, 2224904,
2202656, 2180629, 1707508, 1690433, 1673527, 1656793, 1640224, 1240647,
1228241, 1215958, 1203799, 1191762, 1946199, 1926738, 1907470, 1888394,
1869509, 1856714, 1838146, 1819765, 1801567, 1783552, 1765717, 1748059,
1730577, 1713271, 1696139, 1679178, 1662388, 1645762, 1629305, 1613011,
1596882, 1580914, 1565103, 1549452, 1533958, 1518618, 1503432, 1488399,
1473514, 1458779, 1444191, 1429750, 1415453, 1401297, 1387285, 1373413,
1359678, 1346082, 1332622, 1319295, 1306102, 1293041, 1280109, 1267309,
1254637, 1242090, 1229669, 1217373, 1205197, 1193147, 1181215, 1169403,
1157709, 1146132, 1134670, 1123324, 1112091, 1100970, 1089961, 1079061,
1068269, 1057587, 1047012, 1036542, 1026175, 1015913, 1005755, 995699,
985741, 975884, 966125, 956464, 946899, 937430, 928056, 918775, 909589,
900492, 891487, 882573, 873747, 865009, 856360, 847797, 839317, 830925,
822616, 814389, 806245, 798183, 790203, 782299, 774476, 766733, 759065,
751474, 743959, 736520, 729154, 721863, 714645, 707498, 700424, 693417,
686484, 679620, 672824, 666096, 659435, 652839, 646312, 639848, 633451,
627116, 620844, 614635, 608491, 602406, 596385, 590420, 584516, 578671,
572884, 567155, 561482, 555866, 550309, 544805, 539357, 533965, 528625,
523340, 518109, 512926, 507797, 502718, 497691, 492715, 487787, 482909,
478082, 473300, 468566, 463881, 459241, 454651, 450105, 445603, 441147,
436736, 432370, 428047, 423765, 419530, 415336, 411180, 407068, 402999,
398968, 394980, 391030, 387118, 383248, 379416, 375622, 380478, 376674,
372907, 369179, 365486, 361831, 358213, 354631, 351084, 347573, 344099,
0, 0, 0, 0, 0, 0, 0, 0, 0, 0, 0, 0, 0, 0, 0, 0, 0, 0, 0, 0, 0, 0, 0, 0,
0, 0, 0, 0, 0, 0, 0, 0, 0, 0, 0, 0, 0, 0, 0, 0, 0, 0, 0, 0, 0, 0, 0, 0,
0, 0, 0, 0, 0, 0, 0, 0, 0, 0, 0, 0, 0, 0, 0, 0, 0, 0, 0, 0, 0, 0, 0, 0,
0, 0, 0, 0, 0, 0, 0, 0, 0, 0, 0, 0, 0, 0, 0, 0, 0, 0, 0, 0, 0, 0, 0, 0,
0, 0, 0, 0, 0, 0, 0, 0, 0, 0, 0, 0, 0, 0, 0, 0, 0, 0, 0, 0, 0, 0, 0, 0,
0, 0, 0, 0, 0, 0, 0, 0, 0, 0, 0, 0, 0, 0, 0, 0, 0, 0, 0, 0, 0, 0, 0, 0,
0, 0, 0, 0, 0, 0, 0, 0, 0, 0, 0, 0, 0, 0, 0, 0, 0, 0, 0, 0, 0, 0, 0, 0,
0, 0, 0, 0, 0, 0, 0, 0, 0, 0, 0, 0, 0, 0, 0, 0, 0, 0, 0, 0, 0, 0, 0, 0,
0, 0, 0, 0, 0, 0, 0, 0, 0, 0, 0, 0, 0, 0, 0, 0, 0, 0, 0, 0, 0, 0, 0, 0,
0, 0, 0, 0, 0, 0, 0, 0, 0, 0, 0, 0, 0, 0, 0, 0, 0, 0, 0, 0, 0, 0, 0, 0,
0, 0, 0, 0, 0, 0, 0, 0, 0, 0, 0, 0, 0, 0, 0, 0, 0, 0, 0, 0, 0, 0, 0, 0,
0, 0, 0, 0, 0, 0, 0, 0, 0, 0, 0, 0, 0, 0, 0, 0, 0, 0, 0, 0, 0, 0, 0, 0,
0, 0, 0, 0, 0, 0, 0, 0, 0, 0, 0, 0, 0, 0, 0, 0, 0, 0, 0, 0, 0, 0, 0, 0,
0, 0, 0, 0, 0, 0, 0, 0, 0, 0, 0, 0, 0, 0, 0, 0, 0, 0, 0, 0, 0, 0, 0, 0,
0, 0, 0, 0, 0, 0, 0, 0, 0, 0, 0, 0, 0, 0, 0, 0, 0, 0, 0, 0, 0, 0, 0, 0,
0, 0, 0, 0, 0, 0, 0, 0, 0, 0, 0, 0, 0, 0, 0, 0, 0, 0, 0, 0, 0, 0, 0, 0,
0, 0, 0, 0, 0, 0, 0, 0, 0, 0, 0, 0, 0, 0, 0, 0, 0, 0, 0, 0, 0, 0, 0, 0,
0, 0, 0, 0, 0, 0, 0, 0, 0, 0, 0, 0, 0, 0, 0, 0, 0, 0, 0, 0, 0, 0, 0, 0,
0, 0, 0, 0, 0, 0, 0]

You can find whatever remains in bridgepool by subtracting these from
the original values.
